f<-c(30,40,30,40,30,40,30,40,30,40,30,40,30,40,30,40,25,45,35,35,35,35,35,35,35,35,35,35,35,35)
p<-c(60,60,90,90,60,60,90,90,60,60,90,90,60,60,90,90,75,75,45,105,75,75,75,75,75,75,75,75,75,75)
t<-c(175,175,175,175,225,225,225,225,175,175,175,175,225,225,225,225,200,200,200,200,150,250,200,200,200,200,200,200,200,200)
ti<-c(15,15,15,15,15,15,15,15,25,25,25,25,25,25,25,25,20,20,20,20,20,20,10,30,20,20,20,20,20,20)
r<-c(26.2,26.3,39.8,39.7,38.6,35.5,48.8,37.8,26.6,23.4,38.6,52.1,39.5,32.3,43,56,35.2,46.9,22.7,58.7,34.5,44,35.7,41.8,36.5,37.6,40.3,46,27.8,40.3)
k=4


datos2 <- data.frame(f,p,t,ti)
mod<- lm(r ~ f+p+t+ti)
rm<-predict(mod) #Me da las Y gorro $R-squared$mod
rm
summary(mod)

f=(0.714/k)/((1-0.714)/(length(y)-(k+1)))
f

